address    size  nbbs edges    cc cost  min bound range max bound  calls locals args xref frame name
========== ==== ===== ===== ===== ==== ========== ===== ========== ===== ====== ==== ==== ===== ====
0x004026d7   61     3     3     2   39 0x004026d7    61 0x00402714     1    2      2    8    36 fcn.004026d7
0x00402714  118    12    18     8   82 0x00402714   118 0x0040278a     1    2      3    9    48 fcn.00402714
0x0040278a  153     7    10     5  103 0x0040278a   153 0x00402823     7    4      0    3    76 fcn.0040278a
0x00402823   36     1     0     1   27 0x00402823    36 0x00402847     1    0      3    2    36 fcn.00402823
0x00402847   94     8    10     4   66 0x00402847    94 0x004028a5     1    1      3    7    52 fcn.00402847
0x00402926  136     6     9     5   90 0x00402926   136 0x004029ae     5    3      0    1   108 fcn.00402926
0x004029c1  127     5     7     4   92 0x004029c1   127 0x00402a40     4    5      0    2    80 fcn.004029c1
0x00402a40  516    20    32    14  208 0x00402a40   516 0x00402c44    12    9      0    1   624 fcn.00402a40
0x00402c44  155     6     8     4   74 0x00402c44   155 0x00402cdf     8    7      0    1   696 fcn.00402c44
0x00402cdf  139     9    12     5  111 0x00402cdf   139 0x00402d6a     8    2      0    1    60 fcn.00402cdf
0x00402d6a  255    13    22    11  130 0x00402d6a   255 0x00402e69     8    8      0    1   684 fcn.00402d6a
0x00402e69  666    49    77    30  329 0x00402e69   666 0x00403103    27    6      2    1   324 fcn.00402e69
0x00403103   49     5     6     3   35 0x00403103    49 0x00403134     1    0      1    5    12 fcn.00403103
0x00403134   58     1     0     1   20 0x00403134    58 0x0040316e     1    0      0    1     8 fcn.00403134
0x0040316e   65     1     0     1   25 0x0040316e    65 0x004031af     1    0      1    4    12 fcn.0040316e
0x004031af  111     6     8     4   57 0x004031af   111 0x0040321e     3    1      0    8    28 fcn.004031af
0x0040321e  112     1     0     1   65 0x0040321e   112 0x0040328e    10    0      0    3    12 fcn.0040321e
0x0040328e  235     9    12     5  110 0x0040328e   235 0x00403379     7    7      0    2   120 fcn.0040328e
0x00403379  131    10    12     6   71 0x00403379   131 0x004033fc     2    1      1    1    16 fcn.00403379
0x004033fc  104    11    15     8   64 0x004033fc   104 0x00403464     3    0      0    2     8 fcn.004033fc
0x00403464   67     8    12     6   47 0x00403464    67 0x004034a7     1    0      0    2    12 fcn.00403464
0x004034b1   96     7     9     4   71 0x004034b1    96 0x00403511     2    2      5    7    56 fcn.004034b1
0x00403511   16     1     0     1   11 0x00403511    16 0x00403521     0    0      1    1     4 fcn.00403511
0x00403521   29     1     0     1   20 0x00403521    29 0x0040353e     2    1      0   17    20 fcn.00403521
0x0040353e   80     5     5     4   53 0x0040353e    80 0x0040358e     2    0      2    4    40 fcn.0040353e
0x0040358e   96     8    10     4   59 0x0040358e    96 0x004035ee     1    0      4    1    52 fcn.0040358e
0x004035ee   40     3     3     2   24 0x004035ee    40 0x00403616     1    0      0    4    12 fcn.004035ee
0x00403616  141    10    15     7   76 0x00403616   141 0x004036a3     2    1      0    8    28 fcn.00403616
0x004036a3  169     9    12     5   83 0x004036a3   169 0x0040374c    12    4      0    1    20 fcn.004036a3
0x00403762   61     6     7     3   40 0x00403762    61 0x0040379f     1    0      1    8    16 fcn.00403762
0x004037a9   82     3     2     3   52 0x004037a9    82 0x004037fb     3    1      1   20    20 fcn.004037a9
0x004037fb  148     7     8     5   95 0x004037fb   148 0x0040388f     5    1      0   12    44 fcn.004037fb
0x0040388f   10     1     1     0    3 0x0040388f    10 0x00403899     0    0      0    4     0 fcn.0040388f
0x00403899  121     9    10     5   87 0x00403899   121 0x00403912     6    1      2    2    36 fcn.00403899
0x00403912   45     3     3     2   31 0x00403912    45 0x0040393f     1    0      1    5    12 fcn.00403912
0x0040393f   94     5     6     3   63 0x0040393f    94 0x0040399d     4    1      0    2    16 fcn.0040393f
0x0040399d   45     4     4     4   25 0x0040399d    45 0x004039ca     1    0      1    7     4 fcn.0040399d
0x004039ca   89    12    16     6   57 0x004039ca    89 0x00403a23     2    0      1    1    12 fcn.004039ca
0x00403a23   95     5     6     5   64 0x00403a23    95 0x00403a82     3    1      1    1    32 fcn.00403a23
0x00403a82  171     5     5     4  100 0x00403a82   171 0x00403b2d     6    5      1    1    60 fcn.00403a82
0x00403b2d   28     1     0     1   11 0x00403b2d    28 0x00403b49     0    0      0    5     0 fcn.00403b2d
0x00403b49   41     4     4     2   30 0x00403b49    41 0x00403b72     1    0      1    5    20 fcn.00403b49
0x00403b72   72     9    10     5   45 0x00403b72    72 0x00403bba     2    0      1    1    12 fcn.00403b72
0x00403bba   42     7     8     3   30 0x00403bba    42 0x00403be4     1    0      1    7     8 fcn.00403bba
0x00403be4   36     3     2     3   21 0x00403be4    36 0x00403c08     1    0      1    6     4 fcn.00403be4
0x00403c08   83    10    12     6   57 0x00403c08    83 0x00403c5b     3    0      0    6    12 fcn.00403c08
0x00403c5b  126     7     8     5   60 0x00403c5b   126 0x00403cd9     5    2      2    1     8 fcn.00403c5b
0x00403cd9   50     3     3     2   31 0x00403cd9    50 0x00403d0b     2    0      1    2    12 fcn.00403cd9
0x00403d0b   65     3     3     2   34 0x00403d0b    65 0x00403d4c     5    2      1   11    12 fcn.00403d0b
0x00403d4c   40     4     5     3   27 0x00403d4c    40 0x00403d74     1    0      1    2     8 fcn.00403d4c
0x00403d74  115    10    14     6   85 0x00403d74   115 0x00403de7     5    1      1    3    40 fcn.00403d74
0x00403de7  121     5     6     3   85 0x00403de7   121 0x00403e60     6    0      2    1    40 fcn.00403de7
0x00403e60   98    10    15     7   72 0x00403e60    98 0x00403ec2     3    0      1    2    20 fcn.00403e60
0x00403ec2   51    10    14     6   28 0x00403ec2    51 0x00403ef5     0    0      0    1     0 fcn.00403ec2
0x00403ef5   45     7     9     6   26 0x00403ef5    45 0x00403f22     0    0      0    2     0 fcn.00403ef5
0x00403f22   67     3     3     2   45 0x00403f22    67 0x00403f65     2    1      0   53    12 fcn.00403f22
0x00403f65   34     1     0     1   22 0x00403f65    34 0x00403f87     1    0      2    3    28 fcn.00403f65
0x00403f87   97     8    10     4   63 0x00403f87    97 0x00403fe8     1    0      4    9    56 fcn.00403f87
0x00403fe8   40     1     0     1   26 0x00403fe8    40 0x00404010     1    0      3   10    36 fcn.00403fe8
0x00404010   72     1     0     1   43 0x00404010    72 0x00404058     5    0      1    2    24 fcn.00404010
0x00404058  128    11    13     6   81 0x00403c08    45 0x00404085     7    0      0    1    12 fcn.00404058
0x00404085  287    18    26    10  144 0x00404085   287 0x004041a4    16    4      1    3    16 fcn.00404085
0x004041a4  189    18    26    10  112 0x004041a4   189 0x00404261     8    1      1    1    24 fcn.004041a4
0x00404261  509    39    66    29  278 0x00404261   509 0x0040445e    19    2      0    1   136 fcn.00404261
0x0040445e   27     1     0     1   19 0x0040445e    27 0x00404479     1    0      1    1    20 fcn.0040445e
0x00404479  918    74   115    43  470 0x00404479   918 0x0040480f    51    8      3    8    92 fcn.00404479
0x0040480f   84     8    11     5   54 0x0040480f    84 0x00404863     2    2      0    1    20 fcn.0040480f
0x00404863 1314    40    61    23  528 0x00404863  1314 0x00404d85    46   20      0    4   212 fcn.00404863
0x00404d85  626    44    67    25  295 0x00404d85   626 0x00404ff7    24    9      0    2   156 fcn.00404d85
0x00404ff7  466    23    35    14  217 0x00404ff7   466 0x004051c9    19    9      0    2   124 fcn.00404ff7
0x004051c9   80     8     9     5   49 0x004051c9    80 0x00405219     4    0      0    3    20 fcn.004051c9
0x00405219  280    10    13     5  136 0x00405219   280 0x00405331    14   10      0    5   100 fcn.00405219
0x00405331  496    34    51    19  208 0x00405331   496 0x00405521    12    8      2    2    84 fcn.00405331
0x00405521   73     6     8     4   51 0x00405521    73 0x0040556a     3    1      0    1    20 fcn.00405521
0x0040556a  601    39    58    21  329 0x0040556a   601 0x004057c3    24   11      1    2   228 fcn.0040556a
0x004057c3  390    17    24     9  198 0x004057c3   390 0x00405949    20    8      0    1   112 fcn.004057c3
0x00405949  177    12    18     8  119 0x00405949   177 0x004059fa     5    5      0   13    88 fcn.00405949
0x004059fa  220    14    21     9  114 0x004059fa   220 0x00405ad6     9    3      2    2    64 fcn.004059fa
0x00405ad6  214    17    25    10  124 0x00405ad6   214 0x00405bac     6    1      2    1    56 fcn.00405ad6
0x00405bac  209    17    25    10  118 0x00405bac   209 0x00405c7d     5    1      2    1    40 fcn.00405bac
0x00405c7d  421    30    46    18  191 0x00405c7d   421 0x00405e22    13    7      3    1    72 fcn.00405c7d
0x00405e22  104     5     6     3   60 0x00405e22   104 0x00405e8a     3    4      1    1    60 fcn.00405e22
0x00405e8a  820    37    59    24  362 0x00405e8a   820 0x004061be    32    9      2    1   248 fcn.00405e8a
0x004061be   58     8    11     5   29 0x004061be    58 0x004061f8     0    0      0    2     0 fcn.004061be
0x004061f8  103     4     4     2   55 0x004061f8   103 0x0040625f     8    2      0    2    16 fcn.004061f8
0x0040625f  221    14    19     9  130 0x0040625f   221 0x0040633c    12    4      3    2    28 fcn.0040625f
0x0040633c   80     6     8     4   54 0x0040633c    80 0x0040638c     3    0      1    2    12 fcn.0040633c
0x0040638c   55     6     7     3   37 0x0040638c    55 0x004063c3     1    0      1    3    12 fcn.0040638c
0x004063c3  129    15    20     9   81 0x004063c3   129 0x00406444     4    0      3    1    28 fcn.004063c3
0x00406444   34     3     2     3   21 0x00406444    34 0x00406466     2    0      1    1     4 fcn.00406444
0x00406466   91     6     7     3   58 0x00406466    91 0x004064c1     3    1      0    5    16 fcn.00406466
0x004064c1   91     3     3     2   64 0x004064c1    91 0x0040651c     3    2      2    8    44 fcn.004064c1
0x0040651c   93     7     8     3   67 0x0040651c    93 0x00406579     5    0      1    4    52 fcn.0040651c
0x00406579  141     9    11     6   91 0x00406579   141 0x00406606     6    1      3    1    44 fcn.00406579
0x00406606   58     3     3     2   42 0x00406606    58 0x00406640     2    1      1    6    20 fcn.00406606
0x00406640  103    14    20     8   68 0x00406640   103 0x004066a7     1    0      4    3     8 fcn.00406640
0x004066a7   37     4     4     2   21 0x004066a7    37 0x004066cc     0    0      1    2     4 fcn.004066a7
0x004066cc   65     8    11     5   40 0x004066cc    65 0x0040670d     0    0      1    4    12 fcn.004066cc
0x0040670d   47     7     9     4   31 0x0040670d    47 0x0040673c     1    0      1    2     8 fcn.0040670d
0x0040673c   80     8    12     6   43 0x0040673c    80 0x0040678c     0    0      1    2     4 fcn.0040673c
0x0040678c  549    23    33    12  204 0x0040678c   549 0x004069b1     9    4      3    1   504 fcn.0040678c
0x004069b1  522    26    37    13  248 0x004069b1   538 0x00406bcb    23    6      0   10   104 fcn.004069b1
0x00406bcb  217    19    29    12  128 0x00406bcb   217 0x00406ca4     6    4      0    2    88 fcn.00406bcb
0x00406ca4  167     1     0     1   88 0x00406ca4   167 0x00406d4b    13    2      1    1    44 fcn.00406ca4
0x00406d4b  372    16    24    10  156 0x00406d4b   467 0x00406f1e    11   11      1    8    72 fcn.00406d4b
0x00406f1e  390    20    31    13  174 0x00406f1e   390 0x004070a4    11   11      1    1    52 fcn.00406f1e
0x004070a4   43     1     0     1   36 0x004070a4    43 0x004070cf     3    0      0    2    20 fcn.004070a4
0x004070cf  179    13    18     7   89 0x004070cf   179 0x00407182     8    7      0    3    20 fcn.004070cf
0x00407182  179    13    18     7   89 0x00407182   179 0x00407235     8    7      0    1    20 fcn.00407182
0x00407235  326    18    27    11  169 0x00407235   326 0x0040737b    13    5      2    2    68 fcn.00407235
0x0040737b  112     8    11     5   73 0x0040737b   112 0x004073eb     3    1      0    2    64 fcn.0040737b
0x004073eb  705    30    46    18  298 0x004073eb   705 0x004076ac    18   16      2    2   164 fcn.004073eb
0x004076f2  235    12    18     8  122 0x004076f2   235 0x004077dd     9    9      0    3    60 fcn.004076f2
0x004077dd  675    32    48    18  238 0x004077dd   675 0x00407a80    13   28      0    1    96 fcn.004077dd
0x00407a80   77     1     0     1   39 0x00407a80    77 0x00407acd     4    3      1    1   316 fcn.00407a80
0x00407acd  133     7     9     4   86 0x00407acd   133 0x00407b52     5    2      0    2    84 fcn.00407acd
0x00407b52  135     7     9     4   88 0x00407b52   135 0x00407bd9     6    2      0    1    84 fcn.00407b52
0x00407bd9 1221     1     0     1  442 0x00407bd9  1221 0x0040809e     0    1      1    1   244 fcn.00407bd9
0x0040809e  328     1     0     1   96 0x0040809e   328 0x004081e6     0    1      1    1   116 fcn.0040809e
0x004081e6  252     1     0     1   96 0x004081e6   252 0x004082e2     0    1      1    1   116 fcn.004081e6
0x004082e2  175     1     0     1   71 0x004082e2   175 0x00408391     0    1      0    1   116 fcn.004082e2
0x00408391  342    31    48    19  191 0x00408391   342 0x004084e7     9    3      2    1   144 fcn.00408391
0x004084e7   62     8    11     5   30 0x004084e7    62 0x00408525     0    0      0    2     0 fcn.004084e7
0x00408525  152     8    11     5   75 0x00408525   152 0x004085bd     4    8      0    1    60 fcn.00408525
0x004085bd   84     6     8     4   66 0x004085bd    84 0x00408611     4    1      0    1    32 fcn.004085bd
0x00408611  115     4     5     3   63 0x00408611   115 0x00408684     7    5      0    6    28 fcn.00408611
0x00408684   78     6     9     5   48 0x00408684    78 0x004086d2     1    3      0    5    44 fcn.00408684
0x00408822   28     4     5     3   16 0x00408822    28 0x0040883e     1    0      0    2     0 fcn.00408822
0x00408880   67     6     7     3   51 0x00408880    67 0x004088c3     3    0      2    1    36 fcn.00408880
0x00408911  109     1     0     1   37 0x00408911   109 0x0040897e     2    0      0    1    20 fcn.00408911
0x004089a4   82     9    11     6   53 0x004089a4    82 0x004089f6     3    0      1    2    20 fcn.004089a4
0x004089f6  137    12    16    10   72 0x004089f6   137 0x00408a7f     4    0      0    1     4 fcn.004089f6
0x00408aa5   18     1     0     1   11 0x00408aa5    18 0x00408ab7     1    0      0    2    16 fcn.00408aa5
0x00408ab7   44     1     0     1   15 0x00408ab7    26 0x00408ad1     2    2      0    2    12 fcn.00408ab7
0x00408aec   18     1     0     1    9 0x00408aec    18 0x00408afe     1    2      0    1     0 loc.00408aec
0x00408afe   11     1     0     1    2 0x00408afe     5 0x00408b03     0    0      0    6     0 fcn.00408afe
0x00408d82   72     8    11     5   49 0x00408d82    72 0x00408dca     2    1      2    1    12 fcn.00408d82
0x00408dd0  350    26    35    13  161 0x00408c13    10 0x00408dda    13    3      0    0    24 entry0
0x00408de0  288     3     2     3    8 0x00408de0    16 0x00408df0     0    1      2   63   812 fcn.00408de0
0x00408df0   42     1     0     1   30 0x00408df0    42 0x00408e1a     4    0      1    1    20 fcn.00408df0
0x00408e1a  272     1     0     1   66 0x00408e1a   272 0x00408f2a     1    1      2    1   812 loc.00408e1a
0x00408f2a    6     1     0     1    3 0x00408f2a     6 0x00408f30     0    0      0    4     0 sub.msvcrt.dll_free
0x00408f30    6     1     0     1    3 0x00408f30     6 0x00408f36     0    0      0    1     0 sub.msvcrt.dll_malloc
0x00408f9e    6     1     0     1    3 0x00408f9e     6 0x00408fa4     0    0      0    1     0 sub.msvcrt.dll__XcptFilter
0x00408fa4   97     9    13     6   44 0x00408fa4   106 0x0040900e     2    2      1    1     8 fcn.00408fa4
0x0040900e   54     7     9     6   40 0x0040900e    54 0x00409044     2    0      1    1     8 fcn.0040900e
0x00409044    6     1     0     1    3 0x00409044     6 0x0040904a     0    0      0    1     0 sub.msvcrt.dll__amsg_exit
0x00409050   69     7    10     5   44 0x00409050    69 0x00409095     0    0      2    1    16 fcn.00409050
0x004090a0  139     3     2     3   62 0x004090a0   139 0x0040912b     2    4      1    1    48 fcn.004090a0
0x00409160   51     5     5     4   27 0x00409160    51 0x00409193     0    0      1    1     4 fcn.00409160
0x00409193  154     7    10     5   77 0x00409193   154 0x0040922d     5    5      0    1    40 fcn.00409193
0x00409230    3     1     0     1    4 0x00409230     3 0x00409233     0    0      0    2     0 fcn.00409230
0x00409233   19     1     0     1   11 0x00409233    19 0x00409246     1    0      0    1     8 fcn.00409233
0x00409246    6     1     0     1    3 0x00409246     6 0x0040924c     0    0      0    1     0 sub.msvcrt.dll__initterm
0x0040924c   72     1     0     1   30 0x0040924c    72 0x00409294     0    5      1    2    28 fcn.0040924c
0x00409294   15     1     1     0    7 0x00409294    15 0x004092a3     1    1      0    2     0 fcn.00409294
0x004092d5  141     4     4     2   64 0x004092d5   141 0x00409362     6    4      1    1    20 fcn.004092d5
0x00409365    9     1     0     1    8 0x00409365     9 0x0040936e     1    0      0    1     4 fcn.00409365
0x0040936e   23     1     0     1   18 0x0040936e    23 0x00409385     1    0      1    4     8 fcn.0040936e
0x00409388   69     1     0     1   29 0x00409388    69 0x004093cd     0    4      1    2    28 fcn.00409388
0x004093cd   20     1     0     1   14 0x004093cd    20 0x004093e1     0    1      0    3     0 fcn.004093cd
0x004093e1    6     1     0     1    3 0x004093e1     6 0x004093e7     0    0      0    1     0 sub.msvcrt.dll__except_handler4_common
0x004093e7    6     1     0     1    3 0x004093e7     6 0x004093ed     0    0      0    1     0 sub.msvcrt.dll__lock
0x004093ed    6     1     0     1    3 0x004093ed     6 0x004093f3     0    0      0    1     0 sub.msvcrt.dll__unlock
0x004093f3    6     1     0     1    3 0x004093f3     6 0x004093f9     0    0      0    1     0 sub.msvcrt.dll___dllonexit
0x004093f9   41     4     5     3   33 0x004093f9    41 0x00409422     2    0      1    2    12 fcn.004093f9
0x00409422   11     1     1     0    7 0x00409422    11 0x0040942d     0    0      0    1     4 fcn.00409422
0x0040942d    5     1     1     0    2 0x0040942d     5 0x00409432     0    0      0    1     0 fcn.0040942d
0x00409472    6     1     0     1    3 0x00409472     6 0x00409478     0    0      0    1     0 sub.msvcrt.dll__callnewh
0x00409478    6     1     0     1    3 0x00409478     6 0x0040947e     0    0      0    8     0 sub.msvcrt.dll_memset
0x0040947e    6     1     0     1    3 0x0040947e     6 0x00409484     0    0      0    1     0 sub.msvcrt.dll__CxxThrowException
0x00409484   20     1     0     1   14 0x00409484    20 0x00409498     0    1      0   22     0 fcn.00409484
0x00409498   55     2     1     1   21 0x00409484    15 0x004094a7     1    2      0    6     0 fcn.00409498
0x004094a7   15     1     1     0    7 0x004094a7    15 0x004094b6     1    1      0    1     0 fcn.004094a7
0x004094b6   51     1     0     1   26 0x004094b6    51 0x004094e9     0    2      1   19    28 fcn.004094b6
0x004094e9   54     1     0     1   27 0x004094e9    54 0x0040951f     0    3      1    6    28 fcn.004094e9
0x0040951f   54     1     0     1   27 0x0040951f    54 0x00409555     0    3      1    1    28 fcn.0040951f
0x00409555   57     1     0     1   28 0x00409555    57 0x0040958e     0    4      1    1    28 fcn.00409555
0x00409590   43     4     4     2   24 0x00409590    43 0x004095bb     0    0      1    2     4 fcn.00409590
